===========Cube Information========
size = 24
num_vars = 8
num_binary_vars = 7
num_mv_vars = 1
  0 first_part =   0, last_part =   1, first_word =        1, last_word =        1, part_size =   2
  1 first_part =   2, last_part =   3, first_word =        1, last_word =        1, part_size =   2
  2 first_part =   4, last_part =   5, first_word =        1, last_word =        1, part_size =   2
  3 first_part =   6, last_part =   7, first_word =        1, last_word =        1, part_size =   2
  4 first_part =   8, last_part =   9, first_word =        1, last_word =        1, part_size =   2
  5 first_part =  10, last_part =  11, first_word =        1, last_word =        1, part_size =   2
  6 first_part =  12, last_part =  13, first_word =        1, last_word =        1, part_size =   2
  7 first_part =  14, last_part =  23, first_word =        1, last_word =        1, part_size =  10
0 binary_mask = 1, mv_mask = 1
1 binary_mask = 16383, mv_mask = 16760832
2 binary_mask = 0, mv_mask = 0
3 binary_mask = 0, mv_mask = 0
4 binary_mask = 0, mv_mask = 0
5 binary_mask = 0, mv_mask = 0
6 binary_mask = 33, mv_mask = 33
7 binary_mask = 0, mv_mask = 0
8 binary_mask = 1, mv_mask = 1
9 binary_mask = 16760832, mv_mask = 3
10 binary_mask = 0, mv_mask = 0
11 binary_mask = 0, mv_mask = 0
12 binary_mask = 0, mv_mask = 0
13 binary_mask = 0, mv_mask = 0
14 binary_mask = 33, mv_mask = 33
15 binary_mask = 0, mv_mask = 0
16 binary_mask = 1, mv_mask = 1
17 binary_mask = 3, mv_mask = 12
18 binary_mask = 0, mv_mask = 0
19 binary_mask = 0, mv_mask = 0
20 binary_mask = 0, mv_mask = 0
21 binary_mask = 0, mv_mask = 0
22 binary_mask = 33, mv_mask = 33
23 binary_mask = 0, mv_mask = 0
24 binary_mask = 1, mv_mask = 1
===========Symmetric Pair Matrix===========
wsize = 2
sf_size = 14
capacity = 7
count = 7
active_count = 0
75 On Set - 76 Off Set
#0 On Set - 11 11 11 10 11 11 11 
#70 Off Set - 11 11 11 01 11 11 11 
On Set XOR Off Set - 00 00 00 11 00 00 00 
Set_SPM - 1 1 1 0 1 1 1 
==========SPM=============
00 11 11 00 11 11 11 
11 00 11 00 11 11 11 
11 11 00 00 11 11 11 
00 00 00 00 00 00 00 
11 11 11 00 00 11 11 
11 11 11 00 11 00 11 
11 11 11 00 11 11 00 

#1 On Set - 11 11 11 11 01 10 11 
#0 Off Set - 10 10 10 11 10 11 11 
On Set XOR Off Set - 01 01 01 00 11 01 00 
Set_SPM - 1 1 1 0 1 1 1 
==========SPM=============
00 11 11 00 10 11 11 
11 00 11 00 10 11 11 
11 11 00 00 10 11 11 
00 00 00 00 00 00 00 
10 10 10 00 00 01 00 
11 11 11 00 01 00 11 
11 11 11 00 00 11 00 

#1 On Set - 11 11 11 11 01 10 11 
#1 Off Set - 10 10 11 10 10 11 11 
On Set XOR Off Set - 01 01 00 01 11 01 00 
Set_SPM - 1 1 1 0 1 1 1 
==========SPM=============
00 11 11 00 10 11 11 
11 00 11 00 10 11 11 
11 11 00 00 00 11 11 
00 00 00 00 00 00 00 
10 10 00 00 00 01 00 
11 11 11 00 01 00 11 
11 11 11 00 00 11 00 

#1 On Set - 11 11 11 11 01 10 11 
#2 Off Set - 11 11 11 11 10 10 11 
On Set XOR Off Set - 00 00 00 00 11 00 00 
Set_SPM - 1 1 1 0 1 1 1 
==========SPM=============
00 11 11 00 00 11 11 
11 00 11 00 00 11 11 
11 11 00 00 00 11 11 
00 00 00 00 00 00 00 
00 00 00 00 00 01 00 
11 11 11 00 01 00 11 
11 11 11 00 00 11 00 

#1 On Set - 11 11 11 11 01 10 11 
#3 Off Set - 11 11 11 11 10 11 10 
On Set XOR Off Set - 00 00 00 00 11 01 01 
Set_SPM - 1 1 1 0 1 1 1 
==========SPM=============
00 11 11 00 00 11 11 
11 00 11 00 00 11 11 
11 11 00 00 00 11 11 
00 00 00 00 00 00 00 
00 00 00 00 00 01 00 
11 11 11 00 01 00 11 
11 11 11 00 00 11 00 

#1 On Set - 11 11 11 11 01 10 11 
#4 Off Set - 01 11 11 11 01 01 11 
On Set XOR Off Set - 10 00 00 00 00 11 00 
Set_SPM - 1 1 1 0 1 1 1 
==========SPM=============
00 11 11 00 00 10 11 
11 00 11 00 00 00 11 
11 11 00 00 00 00 11 
00 00 00 00 00 00 00 
00 00 00 00 00 01 00 
10 00 00 00 01 00 00 
11 11 11 00 00 00 00 

#1 On Set - 11 11 11 11 01 10 11 
#5 Off Set - 11 11 11 11 01 01 01 
On Set XOR Off Set - 00 00 00 00 00 11 10 
Set_SPM - 1 1 1 0 1 1 1 
==========SPM=============
00 11 11 00 00 00 11 
11 00 11 00 00 00 11 
11 11 00 00 00 00 11 
00 00 00 00 00 00 00 
00 00 00 00 00 01 00 
00 00 00 00 01 00 00 
11 11 11 00 00 00 00 

#1 On Set - 11 11 11 11 01 10 11 
#6 Off Set - 11 01 01 01 01 01 11 
On Set XOR Off Set - 00 10 10 10 00 11 00 
Set_SPM - 1 1 1 0 1 1 1 
==========SPM=============
00 11 11 00 00 00 11 
11 00 11 00 00 00 11 
11 11 00 00 00 00 11 
00 00 00 00 00 00 00 
00 00 00 00 00 01 00 
00 00 00 00 01 00 00 
11 11 11 00 00 00 00 

#1 On Set - 11 11 11 11 01 10 11 
#7 Off Set - 10 11 11 11 10 10 11 
On Set XOR Off Set - 01 00 00 00 11 00 00 
Set_SPM - 1 1 1 0 1 1 1 
==========SPM=============
00 11 11 00 00 00 11 
11 00 11 00 00 00 11 
11 11 00 00 00 00 11 
00 00 00 00 00 00 00 
00 00 00 00 00 01 00 
00 00 00 00 01 00 00 
11 11 11 00 00 00 00 

#1 On Set - 11 11 11 11 01 10 11 
#10 Off Set - 11 11 11 11 10 10 10 
On Set XOR Off Set - 00 00 00 00 11 00 01 
Set_SPM - 1 1 1 0 1 1 1 
==========SPM=============
00 11 11 00 00 00 11 
11 00 11 00 00 00 11 
11 11 00 00 00 00 11 
00 00 00 00 00 00 00 
00 00 00 00 00 01 00 
00 00 00 00 01 00 00 
11 11 11 00 00 00 00 

#1 On Set - 11 11 11 11 01 10 11 
#11 Off Set - 11 10 10 11 10 10 11 
On Set XOR Off Set - 00 01 01 00 11 00 00 
Set_SPM - 1 1 1 0 1 1 1 
==========SPM=============
00 11 11 00 00 00 11 
11 00 11 00 00 00 11 
11 11 00 00 00 00 11 
00 00 00 00 00 00 00 
00 00 00 00 00 01 00 
00 00 00 00 01 00 00 
11 11 11 00 00 00 00 

#1 On Set - 11 11 11 11 01 10 11 
#19 Off Set - 10 11 11 11 10 10 10 
On Set XOR Off Set - 01 00 00 00 11 00 01 
Set_SPM - 1 1 1 0 1 1 1 
==========SPM=============
00 11 11 00 00 00 11 
11 00 11 00 00 00 11 
11 11 00 00 00 00 11 
00 00 00 00 00 00 00 
00 00 00 00 00 01 00 
00 00 00 00 01 00 00 
11 11 11 00 00 00 00 

#1 On Set - 11 11 11 11 01 10 11 
#20 Off Set - 11 10 11 11 10 10 10 
On Set XOR Off Set - 00 01 00 00 11 00 01 
Set_SPM - 1 1 1 0 1 1 1 
==========SPM=============
00 11 11 00 00 00 11 
11 00 11 00 00 00 11 
11 11 00 00 00 00 11 
00 00 00 00 00 00 00 
00 00 00 00 00 01 00 
00 00 00 00 01 00 00 
11 11 11 00 00 00 00 

#1 On Set - 11 11 11 11 01 10 11 
#21 Off Set - 11 11 10 10 10 10 10 
On Set XOR Off Set - 00 00 01 01 11 00 01 
Set_SPM - 1 1 1 0 1 1 1 
==========SPM=============
00 11 11 00 00 00 11 
11 00 11 00 00 00 11 
11 11 00 00 00 00 11 
00 00 00 00 00 00 00 
00 00 00 00 00 01 00 
00 00 00 00 01 00 00 
11 11 11 00 00 00 00 

#1 On Set - 11 11 11 11 01 10 11 
#29 Off Set - 11 01 01 01 01 01 10 
On Set XOR Off Set - 00 10 10 10 00 11 01 
Set_SPM - 1 1 1 0 1 1 1 
==========SPM=============
00 11 11 00 00 00 11 
11 00 11 00 00 00 11 
11 11 00 00 00 00 11 
00 00 00 00 00 00 00 
00 00 00 00 00 01 00 
00 00 00 00 01 00 00 
11 11 11 00 00 00 00 

#1 On Set - 11 11 11 11 01 10 11 
#30 Off Set - 01 11 11 11 01 01 10 
On Set XOR Off Set - 10 00 00 00 00 11 01 
Set_SPM - 1 1 1 0 1 1 1 
==========SPM=============
00 11 11 00 00 00 11 
11 00 11 00 00 00 11 
11 11 00 00 00 00 11 
00 00 00 00 00 00 00 
00 00 00 00 00 01 00 
00 00 00 00 01 00 00 
11 11 11 00 00 00 00 

#2 On Set - 11 11 11 11 10 01 10 
#4 Off Set - 01 11 11 11 01 01 11 
On Set XOR Off Set - 10 00 00 00 11 00 01 
Set_SPM - 1 1 1 0 1 1 1 
==========SPM=============
00 11 11 00 00 00 11 
11 00 11 00 00 00 11 
11 11 00 00 00 00 11 
00 00 00 00 00 00 00 
00 00 00 00 00 01 00 
00 00 00 00 01 00 00 
11 11 11 00 00 00 00 

#2 On Set - 11 11 11 11 10 01 10 
#5 Off Set - 11 11 11 11 01 01 01 
On Set XOR Off Set - 00 00 00 00 11 00 11 
Set_SPM - 1 1 1 0 1 1 1 
==========SPM=============
00 11 11 00 00 00 11 
11 00 11 00 00 00 11 
11 11 00 00 00 00 11 
00 00 00 00 00 00 00 
00 00 00 00 00 01 00 
00 00 00 00 01 00 00 
11 11 11 00 00 00 00 

#2 On Set - 11 11 11 11 10 01 10 
#6 Off Set - 11 01 01 01 01 01 11 
On Set XOR Off Set - 00 10 10 10 11 00 01 
Set_SPM - 1 1 1 0 1 1 1 
==========SPM=============
00 11 11 00 00 00 11 
11 00 11 00 00 00 11 
11 11 00 00 00 00 11 
00 00 00 00 00 00 00 
00 00 00 00 00 01 00 
00 00 00 00 01 00 00 
11 11 11 00 00 00 00 

#2 On Set - 11 11 11 11 10 01 10 
#7 Off Set - 10 11 11 11 10 10 11 
On Set XOR Off Set - 01 00 00 00 00 11 01 
Set_SPM - 1 1 1 0 1 1 1 
==========SPM=============
00 11 11 00 00 00 11 
11 00 11 00 00 00 11 
11 11 00 00 00 00 11 
00 00 00 00 00 00 00 
00 00 00 00 00 01 00 
00 00 00 00 01 00 00 
11 11 11 00 00 00 00 

#2 On Set - 11 11 11 11 10 01 10 
#8 Off Set - 10 11 11 11 11 10 10 
On Set XOR Off Set - 01 00 00 00 01 11 00 
Set_SPM - 1 1 1 0 1 1 1 
==========SPM=============
00 11 11 00 00 00 11 
11 00 11 00 00 00 11 
11 11 00 00 00 00 11 
00 00 00 00 00 00 00 
00 00 00 00 00 01 00 
00 00 00 00 01 00 00 
11 11 11 00 00 00 00 

#2 On Set - 11 11 11 11 10 01 10 
#9 Off Set - 11 10 11 11 11 10 10 
On Set XOR Off Set - 00 01 00 00 01 11 00 
Set_SPM - 1 1 1 0 1 1 1 
==========SPM=============
00 11 11 00 00 00 11 
11 00 11 00 00 00 11 
11 11 00 00 00 00 11 
00 00 00 00 00 00 00 
00 00 00 00 00 01 00 
00 00 00 00 01 00 00 
11 11 11 00 00 00 00 

#2 On Set - 11 11 11 11 10 01 10 
#10 Off Set - 11 11 11 11 10 10 10 
On Set XOR Off Set - 00 00 00 00 00 11 00 
Set_SPM - 1 1 1 0 1 1 1 
==========SPM=============
00 11 11 00 00 00 11 
11 00 11 00 00 00 11 
11 11 00 00 00 00 11 
00 00 00 00 00 00 00 
00 00 00 00 00 01 00 
00 00 00 00 01 00 00 
11 11 11 00 00 00 00 

#2 On Set - 11 11 11 11 10 01 10 
#11 Off Set - 11 10 10 11 10 10 11 
On Set XOR Off Set - 00 01 01 00 00 11 01 
Set_SPM - 1 1 1 0 1 1 1 
==========SPM=============
00 11 11 00 00 00 11 
11 00 11 00 00 00 11 
11 11 00 00 00 00 11 
00 00 00 00 00 00 00 
00 00 00 00 00 01 00 
00 00 00 00 01 00 00 
11 11 11 00 00 00 00 

#2 On Set - 11 11 11 11 10 01 10 
#12 Off Set - 11 11 10 10 11 10 10 
On Set XOR Off Set - 00 00 01 01 01 11 00 
Set_SPM - 1 1 1 0 1 1 1 
==========SPM=============
00 11 11 00 00 00 11 
11 00 11 00 00 00 11 
11 11 00 00 00 00 11 
00 00 00 00 00 00 00 
00 00 00 00 00 01 00 
00 00 00 00 01 00 00 
11 11 11 00 00 00 00 

#2 On Set - 11 11 11 11 10 01 10 
#13 Off Set - 01 11 11 11 11 01 01 
On Set XOR Off Set - 10 00 00 00 01 00 11 
Set_SPM - 1 1 1 0 1 1 1 
==========SPM=============
00 11 11 00 00 00 10 
11 00 11 00 00 00 00 
11 11 00 00 00 00 00 
00 00 00 00 00 00 00 
00 00 00 00 00 01 00 
00 00 00 00 01 00 00 
10 00 00 00 00 00 00 

#2 On Set - 11 11 11 11 10 01 10 
#14 Off Set - 11 01 11 11 11 01 01 
On Set XOR Off Set - 00 10 00 00 01 00 11 
Set_SPM - 1 1 1 0 1 1 0 
==========SPM=============
00 11 11 00 00 00 00 
11 00 11 00 00 00 00 
11 11 00 00 00 00 00 
00 00 00 00 00 00 00 
00 00 00 00 00 01 00 
00 00 00 00 01 00 00 
00 00 00 00 00 00 00 

#2 On Set - 11 11 11 11 10 01 10 
#15 Off Set - 11 11 01 01 11 01 01 
On Set XOR Off Set - 00 00 10 10 01 00 11 
Set_SPM - 1 1 1 0 1 1 0 
==========SPM=============
00 11 11 00 00 00 00 
11 00 11 00 00 00 00 
11 11 00 00 00 00 00 
00 00 00 00 00 00 00 
00 00 00 00 00 01 00 
00 00 00 00 01 00 00 
00 00 00 00 00 00 00 

#2 On Set - 11 11 11 11 10 01 10 
#19 Off Set - 10 11 11 11 10 10 10 
On Set XOR Off Set - 01 00 00 00 00 11 00 
Set_SPM - 1 1 1 0 1 1 0 
==========SPM=============
00 11 11 00 00 00 00 
11 00 11 00 00 00 00 
11 11 00 00 00 00 00 
00 00 00 00 00 00 00 
00 00 00 00 00 01 00 
00 00 00 00 01 00 00 
00 00 00 00 00 00 00 

#2 On Set - 11 11 11 11 10 01 10 
#20 Off Set - 11 10 11 11 10 10 10 
On Set XOR Off Set - 00 01 00 00 00 11 00 
Set_SPM - 1 1 1 0 1 1 0 
==========SPM=============
00 11 11 00 00 00 00 
11 00 11 00 00 00 00 
11 11 00 00 00 00 00 
00 00 00 00 00 00 00 
00 00 00 00 00 01 00 
00 00 00 00 01 00 00 
00 00 00 00 00 00 00 

#2 On Set - 11 11 11 11 10 01 10 
#21 Off Set - 11 11 10 10 10 10 10 
On Set XOR Off Set - 00 00 01 01 00 11 00 
Set_SPM - 1 1 1 0 1 1 0 
==========SPM=============
00 11 11 00 00 00 00 
11 00 11 00 00 00 00 
11 11 00 00 00 00 00 
00 00 00 00 00 00 00 
00 00 00 00 00 01 00 
00 00 00 00 01 00 00 
00 00 00 00 00 00 00 

#2 On Set - 11 11 11 11 10 01 10 
#29 Off Set - 11 01 01 01 01 01 10 
On Set XOR Off Set - 00 10 10 10 11 00 00 
Set_SPM - 1 1 1 0 1 1 0 
==========SPM=============
00 11 11 00 00 00 00 
11 00 11 00 00 00 00 
11 11 00 00 00 00 00 
00 00 00 00 00 00 00 
00 00 00 00 00 01 00 
00 00 00 00 01 00 00 
00 00 00 00 00 00 00 

#2 On Set - 11 11 11 11 10 01 10 
#30 Off Set - 01 11 11 11 01 01 10 
On Set XOR Off Set - 10 00 00 00 11 00 00 
Set_SPM - 1 1 1 0 1 1 0 
==========SPM=============
00 11 11 00 00 00 00 
11 00 11 00 00 00 00 
11 11 00 00 00 00 00 
00 00 00 00 00 00 00 
00 00 00 00 00 01 00 
00 00 00 00 01 00 00 
00 00 00 00 00 00 00 

#3 On Set - 11 11 11 11 01 10 01 
#4 Off Set - 01 11 11 11 01 01 11 
On Set XOR Off Set - 10 00 00 00 00 11 10 
Set_SPM - 1 1 1 0 1 1 0 
==========SPM=============
00 11 11 00 00 00 00 
11 00 11 00 00 00 00 
11 11 00 00 00 00 00 
00 00 00 00 00 00 00 
00 00 00 00 00 01 00 
00 00 00 00 01 00 00 
00 00 00 00 00 00 00 

#3 On Set - 11 11 11 11 01 10 01 
#5 Off Set - 11 11 11 11 01 01 01 
On Set XOR Off Set - 00 00 00 00 00 11 00 
Set_SPM - 1 1 1 0 1 1 0 
==========SPM=============
00 11 11 00 00 00 00 
11 00 11 00 00 00 00 
11 11 00 00 00 00 00 
00 00 00 00 00 00 00 
00 00 00 00 00 01 00 
00 00 00 00 01 00 00 
00 00 00 00 00 00 00 

#3 On Set - 11 11 11 11 01 10 01 
#6 Off Set - 11 01 01 01 01 01 11 
On Set XOR Off Set - 00 10 10 10 00 11 10 
Set_SPM - 1 1 1 0 1 1 0 
==========SPM=============
00 11 11 00 00 00 00 
11 00 11 00 00 00 00 
11 11 00 00 00 00 00 
00 00 00 00 00 00 00 
00 00 00 00 00 01 00 
00 00 00 00 01 00 00 
00 00 00 00 00 00 00 

#3 On Set - 11 11 11 11 01 10 01 
#7 Off Set - 10 11 11 11 10 10 11 
On Set XOR Off Set - 01 00 00 00 11 00 10 
Set_SPM - 1 1 1 0 1 1 0 
==========SPM=============
00 11 11 00 00 00 00 
11 00 11 00 00 00 00 
11 11 00 00 00 00 00 
00 00 00 00 00 00 00 
00 00 00 00 00 01 00 
00 00 00 00 01 00 00 
00 00 00 00 00 00 00 

#3 On Set - 11 11 11 11 01 10 01 
#8 Off Set - 10 11 11 11 11 10 10 
On Set XOR Off Set - 01 00 00 00 10 00 11 
Set_SPM - 1 1 1 0 1 1 0 
==========SPM=============
00 11 11 00 00 00 00 
11 00 11 00 00 00 00 
11 11 00 00 00 00 00 
00 00 00 00 00 00 00 
00 00 00 00 00 01 00 
00 00 00 00 01 00 00 
00 00 00 00 00 00 00 

#3 On Set - 11 11 11 11 01 10 01 
#9 Off Set - 11 10 11 11 11 10 10 
On Set XOR Off Set - 00 01 00 00 10 00 11 
Set_SPM - 1 1 1 0 1 1 0 
==========SPM=============
00 11 11 00 00 00 00 
11 00 11 00 00 00 00 
11 11 00 00 00 00 00 
00 00 00 00 00 00 00 
00 00 00 00 00 01 00 
00 00 00 00 01 00 00 
00 00 00 00 00 00 00 

#3 On Set - 11 11 11 11 01 10 01 
#10 Off Set - 11 11 11 11 10 10 10 
On Set XOR Off Set - 00 00 00 00 11 00 11 
Set_SPM - 1 1 1 0 1 1 0 
==========SPM=============
00 11 11 00 00 00 00 
11 00 11 00 00 00 00 
11 11 00 00 00 00 00 
00 00 00 00 00 00 00 
00 00 00 00 00 01 00 
00 00 00 00 01 00 00 
00 00 00 00 00 00 00 

#3 On Set - 11 11 11 11 01 10 01 
#11 Off Set - 11 10 10 11 10 10 11 
On Set XOR Off Set - 00 01 01 00 11 00 10 
Set_SPM - 1 1 1 0 1 1 0 
==========SPM=============
00 11 11 00 00 00 00 
11 00 11 00 00 00 00 
11 11 00 00 00 00 00 
00 00 00 00 00 00 00 
00 00 00 00 00 01 00 
00 00 00 00 01 00 00 
00 00 00 00 00 00 00 

#3 On Set - 11 11 11 11 01 10 01 
#12 Off Set - 11 11 10 10 11 10 10 
On Set XOR Off Set - 00 00 01 01 10 00 11 
Set_SPM - 1 1 1 0 1 1 0 
==========SPM=============
00 11 11 00 00 00 00 
11 00 11 00 00 00 00 
11 11 00 00 00 00 00 
00 00 00 00 00 00 00 
00 00 00 00 00 01 00 
00 00 00 00 01 00 00 
00 00 00 00 00 00 00 

#3 On Set - 11 11 11 11 01 10 01 
#13 Off Set - 01 11 11 11 11 01 01 
On Set XOR Off Set - 10 00 00 00 10 11 00 
Set_SPM - 1 1 1 0 1 1 0 
==========SPM=============
00 11 11 00 00 00 00 
11 00 11 00 00 00 00 
11 11 00 00 00 00 00 
00 00 00 00 00 00 00 
00 00 00 00 00 01 00 
00 00 00 00 01 00 00 
00 00 00 00 00 00 00 

#3 On Set - 11 11 11 11 01 10 01 
#14 Off Set - 11 01 11 11 11 01 01 
On Set XOR Off Set - 00 10 00 00 10 11 00 
Set_SPM - 1 1 1 0 1 1 0 
==========SPM=============
00 11 11 00 00 00 00 
11 00 11 00 00 00 00 
11 11 00 00 00 00 00 
00 00 00 00 00 00 00 
00 00 00 00 00 01 00 
00 00 00 00 01 00 00 
00 00 00 00 00 00 00 

#3 On Set - 11 11 11 11 01 10 01 
#15 Off Set - 11 11 01 01 11 01 01 
On Set XOR Off Set - 00 00 10 10 10 11 00 
Set_SPM - 1 1 1 0 1 1 0 
==========SPM=============
00 11 11 00 00 00 00 
11 00 11 00 00 00 00 
11 11 00 00 00 00 00 
00 00 00 00 00 00 00 
00 00 00 00 00 01 00 
00 00 00 00 01 00 00 
00 00 00 00 00 00 00 

#3 On Set - 11 11 11 11 01 10 01 
#19 Off Set - 10 11 11 11 10 10 10 
On Set XOR Off Set - 01 00 00 00 11 00 11 
Set_SPM - 1 1 1 0 1 1 0 
==========SPM=============
00 11 11 00 00 00 00 
11 00 11 00 00 00 00 
11 11 00 00 00 00 00 
00 00 00 00 00 00 00 
00 00 00 00 00 01 00 
00 00 00 00 01 00 00 
00 00 00 00 00 00 00 

#3 On Set - 11 11 11 11 01 10 01 
#20 Off Set - 11 10 11 11 10 10 10 
On Set XOR Off Set - 00 01 00 00 11 00 11 
Set_SPM - 1 1 1 0 1 1 0 
==========SPM=============
00 11 11 00 00 00 00 
11 00 11 00 00 00 00 
11 11 00 00 00 00 00 
00 00 00 00 00 00 00 
00 00 00 00 00 01 00 
00 00 00 00 01 00 00 
00 00 00 00 00 00 00 

#3 On Set - 11 11 11 11 01 10 01 
#21 Off Set - 11 11 10 10 10 10 10 
On Set XOR Off Set - 00 00 01 01 11 00 11 
Set_SPM - 1 1 1 0 1 1 0 
==========SPM=============
00 11 11 00 00 00 00 
11 00 11 00 00 00 00 
11 11 00 00 00 00 00 
00 00 00 00 00 00 00 
00 00 00 00 00 01 00 
00 00 00 00 01 00 00 
00 00 00 00 00 00 00 

#3 On Set - 11 11 11 11 01 10 01 
#29 Off Set - 11 01 01 01 01 01 10 
On Set XOR Off Set - 00 10 10 10 00 11 11 
Set_SPM - 1 1 1 0 1 1 0 
==========SPM=============
00 11 11 00 00 00 00 
11 00 11 00 00 00 00 
11 11 00 00 00 00 00 
00 00 00 00 00 00 00 
00 00 00 00 00 01 00 
00 00 00 00 01 00 00 
00 00 00 00 00 00 00 

#3 On Set - 11 11 11 11 01 10 01 
#30 Off Set - 01 11 11 11 01 01 10 
On Set XOR Off Set - 10 00 00 00 00 11 11 
Set_SPM - 1 1 1 0 1 1 0 
==========SPM=============
00 11 11 00 00 00 00 
11 00 11 00 00 00 00 
11 11 00 00 00 00 00 
00 00 00 00 00 00 00 
00 00 00 00 00 01 00 
00 00 00 00 01 00 00 
00 00 00 00 00 00 00 

#4 On Set - 01 11 11 11 10 01 10 
#16 Off Set - 10 10 11 11 10 11 10 
On Set XOR Off Set - 11 01 00 00 00 10 00 
Set_SPM - 1 1 1 0 1 1 0 
==========SPM=============
00 10 00 00 00 00 00 
10 00 11 00 00 00 00 
00 11 00 00 00 00 00 
00 00 00 00 00 00 00 
00 00 00 00 00 01 00 
00 00 00 00 01 00 00 
00 00 00 00 00 00 00 

#4 On Set - 01 11 11 11 10 01 10 
#17 Off Set - 10 11 10 11 10 11 10 
On Set XOR Off Set - 11 00 01 00 00 10 00 
Set_SPM - 0 1 1 0 1 1 0 
==========SPM=============
00 00 00 00 00 00 00 
00 00 11 00 00 00 00 
00 11 00 00 00 00 00 
00 00 00 00 00 00 00 
00 00 00 00 00 01 00 
00 00 00 00 01 00 00 
00 00 00 00 00 00 00 

#4 On Set - 01 11 11 11 10 01 10 
#18 Off Set - 10 11 11 10 10 11 10 
On Set XOR Off Set - 11 00 00 01 00 10 00 
Set_SPM - 0 1 1 0 1 1 0 
==========SPM=============
00 00 00 00 00 00 00 
00 00 11 00 00 00 00 
00 11 00 00 00 00 00 
00 00 00 00 00 00 00 
00 00 00 00 00 01 00 
00 00 00 00 01 00 00 
00 00 00 00 00 00 00 

#4 On Set - 01 11 11 11 10 01 10 
#19 Off Set - 10 11 11 11 10 10 10 
On Set XOR Off Set - 11 00 00 00 00 11 00 
Set_SPM - 0 1 1 0 1 1 0 
==========SPM=============
00 00 00 00 00 00 00 
00 00 11 00 00 00 00 
00 11 00 00 00 00 00 
00 00 00 00 00 00 00 
00 00 00 00 00 01 00 
00 00 00 00 01 00 00 
00 00 00 00 00 00 00 

#4 On Set - 01 11 11 11 10 01 10 
#20 Off Set - 11 10 11 11 10 10 10 
On Set XOR Off Set - 10 01 00 00 00 11 00 
Set_SPM - 0 1 1 0 1 1 0 
==========SPM=============
00 00 00 00 00 00 00 
00 00 11 00 00 00 00 
00 11 00 00 00 00 00 
00 00 00 00 00 00 00 
00 00 00 00 00 01 00 
00 00 00 00 01 00 00 
00 00 00 00 00 00 00 

#4 On Set - 01 11 11 11 10 01 10 
#21 Off Set - 11 11 10 10 10 10 10 
On Set XOR Off Set - 10 00 01 01 00 11 00 
Set_SPM - 0 1 1 0 1 1 0 
==========SPM=============
00 00 00 00 00 00 00 
00 00 11 00 00 00 00 
00 11 00 00 00 00 00 
00 00 00 00 00 00 00 
00 00 00 00 00 01 00 
00 00 00 00 01 00 00 
00 00 00 00 00 00 00 

#4 On Set - 01 11 11 11 10 01 10 
#22 Off Set - 01 01 11 11 10 11 01 
On Set XOR Off Set - 00 10 00 00 00 10 11 
Set_SPM - 0 1 1 0 1 1 0 
==========SPM=============
00 00 00 00 00 00 00 
00 00 11 00 00 00 00 
00 11 00 00 00 00 00 
00 00 00 00 00 00 00 
00 00 00 00 00 01 00 
00 00 00 00 01 00 00 
00 00 00 00 00 00 00 

#4 On Set - 01 11 11 11 10 01 10 
#23 Off Set - 01 11 01 11 10 11 01 
On Set XOR Off Set - 00 00 10 00 00 10 11 
Set_SPM - 0 1 1 0 1 1 0 
==========SPM=============
00 00 00 00 00 00 00 
00 00 11 00 00 00 00 
00 11 00 00 00 00 00 
00 00 00 00 00 00 00 
00 00 00 00 00 01 00 
00 00 00 00 01 00 00 
00 00 00 00 00 00 00 

#4 On Set - 01 11 11 11 10 01 10 
#24 Off Set - 01 11 11 11 10 01 01 
On Set XOR Off Set - 00 00 00 00 00 00 11 
Set_SPM - 0 1 1 0 1 1 0 
==========SPM=============
00 00 00 00 00 00 00 
00 00 11 00 00 00 00 
00 11 00 00 00 00 00 
00 00 00 00 00 00 00 
00 00 00 00 00 01 00 
00 00 00 00 01 00 00 
00 00 00 00 00 00 00 

#4 On Set - 01 11 11 11 10 01 10 
#25 Off Set - 11 01 11 11 10 01 01 
On Set XOR Off Set - 10 10 00 00 00 00 11 
Set_SPM - 0 1 1 0 1 1 0 
==========SPM=============
00 00 00 00 00 00 00 
00 00 11 00 00 00 00 
00 11 00 00 00 00 00 
00 00 00 00 00 00 00 
00 00 00 00 00 01 00 
00 00 00 00 01 00 00 
00 00 00 00 00 00 00 

#4 On Set - 01 11 11 11 10 01 10 
#26 Off Set - 11 11 01 01 10 01 01 
On Set XOR Off Set - 10 00 10 10 00 00 11 
Set_SPM - 0 1 1 0 1 1 0 
==========SPM=============
00 00 00 00 00 00 00 
00 00 11 00 00 00 00 
00 11 00 00 00 00 00 
00 00 00 00 00 00 00 
00 00 00 00 00 01 00 
00 00 00 00 01 00 00 
00 00 00 00 00 00 00 

#4 On Set - 01 11 11 11 10 01 10 
#27 Off Set - 01 01 01 11 01 11 10 
On Set XOR Off Set - 00 10 10 00 11 10 00 
Set_SPM - 0 1 1 0 1 1 0 
==========SPM=============
00 00 00 00 00 00 00 
00 00 11 00 00 00 00 
00 11 00 00 00 00 00 
00 00 00 00 00 00 00 
00 00 00 00 00 01 00 
00 00 00 00 01 00 00 
00 00 00 00 00 00 00 

#4 On Set - 01 11 11 11 10 01 10 
#28 Off Set - 01 01 11 01 01 11 10 
On Set XOR Off Set - 00 10 00 10 11 10 00 
Set_SPM - 0 1 1 0 1 1 0 
==========SPM=============
00 00 00 00 00 00 00 
00 00 11 00 00 00 00 
00 11 00 00 00 00 00 
00 00 00 00 00 00 00 
00 00 00 00 00 01 00 
00 00 00 00 01 00 00 
00 00 00 00 00 00 00 

#4 On Set - 01 11 11 11 10 01 10 
#29 Off Set - 11 01 01 01 01 01 10 
On Set XOR Off Set - 10 10 10 10 11 00 00 
Set_SPM - 0 1 1 0 1 1 0 
==========SPM=============
00 00 00 00 00 00 00 
00 00 11 00 00 00 00 
00 11 00 00 00 00 00 
00 00 00 00 00 00 00 
00 00 00 00 00 01 00 
00 00 00 00 01 00 00 
00 00 00 00 00 00 00 

#4 On Set - 01 11 11 11 10 01 10 
#30 Off Set - 01 11 11 11 01 01 10 
On Set XOR Off Set - 00 00 00 00 11 00 00 
Set_SPM - 0 1 1 0 1 1 0 
==========SPM=============
00 00 00 00 00 00 00 
00 00 11 00 00 00 00 
00 11 00 00 00 00 00 
00 00 00 00 00 00 00 
00 00 00 00 00 01 00 
00 00 00 00 01 00 00 
00 00 00 00 00 00 00 

#4 On Set - 01 11 11 11 10 01 10 
#31 Off Set - 10 10 10 11 01 11 01 
On Set XOR Off Set - 11 01 01 00 11 10 11 
Set_SPM - 0 1 1 0 1 1 0 
==========SPM=============
00 00 00 00 00 00 00 
00 00 11 00 00 00 00 
00 11 00 00 00 00 00 
00 00 00 00 00 00 00 
00 00 00 00 00 01 00 
00 00 00 00 01 00 00 
00 00 00 00 00 00 00 

#4 On Set - 01 11 11 11 10 01 10 
#32 Off Set - 10 10 11 10 01 11 01 
On Set XOR Off Set - 11 01 00 01 11 10 11 
Set_SPM - 0 1 1 0 1 1 0 
==========SPM=============
00 00 00 00 00 00 00 
00 00 11 00 00 00 00 
00 11 00 00 00 00 00 
00 00 00 00 00 00 00 
00 00 00 00 00 01 00 
00 00 00 00 01 00 00 
00 00 00 00 00 00 00 

#4 On Set - 01 11 11 11 10 01 10 
#33 Off Set - 10 11 11 11 01 10 01 
On Set XOR Off Set - 11 00 00 00 11 11 11 
Set_SPM - 0 1 1 0 1 1 0 
==========SPM=============
00 00 00 00 00 00 00 
00 00 11 00 00 00 00 
00 11 00 00 00 00 00 
00 00 00 00 00 00 00 
00 00 00 00 00 01 00 
00 00 00 00 01 00 00 
00 00 00 00 00 00 00 

#4 On Set - 01 11 11 11 10 01 10 
#34 Off Set - 11 10 10 11 01 10 01 
On Set XOR Off Set - 10 01 01 00 11 11 11 
Set_SPM - 0 1 1 0 1 1 0 
==========SPM=============
00 00 00 00 00 00 00 
00 00 11 00 00 00 00 
00 11 00 00 00 00 00 
00 00 00 00 00 00 00 
00 00 00 00 00 01 00 
00 00 00 00 01 00 00 
00 00 00 00 00 00 00 

#5 On Set - 10 01 11 11 11 10 01 
#35 Off Set - 10 10 10 11 11 10 11 
On Set XOR Off Set - 00 11 01 00 00 00 10 
Set_SPM - 0 1 1 0 1 1 0 
==========SPM=============
00 00 00 00 00 00 00 
00 00 10 00 00 00 00 
00 10 00 00 00 00 00 
00 00 00 00 00 00 00 
00 00 00 00 00 01 00 
00 00 00 00 01 00 00 
00 00 00 00 00 00 00 

#5 On Set - 10 01 11 11 11 10 01 
#36 Off Set - 10 10 11 10 11 10 11 
On Set XOR Off Set - 00 11 00 01 00 00 10 
Set_SPM - 0 0 0 0 1 1 0 
==========SPM=============
00 00 00 00 00 00 00 
00 00 00 00 00 00 00 
00 00 00 00 00 00 00 
00 00 00 00 00 00 00 
00 00 00 00 00 01 00 
00 00 00 00 01 00 00 
00 00 00 00 00 00 00 

#5 On Set - 10 01 11 11 11 10 01 
#37 Off Set - 10 10 11 11 11 10 10 
On Set XOR Off Set - 00 11 00 00 00 00 11 
Set_SPM - 0 0 0 0 1 1 0 
==========SPM=============
00 00 00 00 00 00 00 
00 00 00 00 00 00 00 
00 00 00 00 00 00 00 
00 00 00 00 00 00 00 
00 00 00 00 00 01 00 
00 00 00 00 01 00 00 
00 00 00 00 00 00 00 

#5 On Set - 10 01 11 11 11 10 01 
#38 Off Set - 10 11 10 11 11 10 10 
On Set XOR Off Set - 00 10 01 00 00 00 11 
Set_SPM - 0 0 0 0 1 1 0 
==========SPM=============
00 00 00 00 00 00 00 
00 00 00 00 00 00 00 
00 00 00 00 00 00 00 
00 00 00 00 00 00 00 
00 00 00 00 00 01 00 
00 00 00 00 01 00 00 
00 00 00 00 00 00 00 

#5 On Set - 10 01 11 11 11 10 01 
#39 Off Set - 10 11 11 10 11 10 10 
On Set XOR Off Set - 00 10 00 01 00 00 11 
Set_SPM - 0 0 0 0 1 1 0 
==========SPM=============
00 00 00 00 00 00 00 
00 00 00 00 00 00 00 
00 00 00 00 00 00 00 
00 00 00 00 00 00 00 
00 00 00 00 00 01 00 
00 00 00 00 01 00 00 
00 00 00 00 00 00 00 

#5 On Set - 10 01 11 11 11 10 01 
#40 Off Set - 10 01 11 11 11 01 01 
On Set XOR Off Set - 00 00 00 00 00 11 00 
Set_SPM - 0 0 0 0 0 0 0 
==========SPM=============
00 00 00 00 00 00 00 
00 00 00 00 00 00 00 
00 00 00 00 00 00 00 
00 00 00 00 00 00 00 
00 00 00 00 00 00 00 
00 00 00 00 00 00 00 
00 00 00 00 00 00 00 


-- E and NE-Symmetric Sets --
Group : 0 
Group : 1 
Group : 2 
Group : 3 
Group : 4 
Group : 5 
Group : 6 
----------------------------------
   E: 0	NE: 0
----------------------------------

-- Some information --
  Intercount: 0		Ratio:  -nan
      Pcount: 57		Ratio:   inf
   No_Change: 0		Ratio:  0.00
Static_Count: 0		Ratio:  1.00

Total time used: 0.00 sec

